D:\Users\15713\anaconda3\envs\pytorch\python.exe D:\Code\ZhaoRL\mycode\RLexp\Chapter5\MCBasic.py
0
[[1. 1. 1. 1. 2.]
 [0. 0. 0. 0. 0.]
 [0. 3. 2. 0. 0.]
 [0. 1. 4. 3. 0.]
 [0. 1. 0. 1. 0.]]
[[0. 0. 0. 0. 0.]
 [0. 0. 0. 0. 0.]
 [0. 0. 1. 0. 0.]
 [0. 1. 1. 1. 0.]
 [0. 0. 1. 0. 0.]]
1
[[1. 1. 1. 1. 2.]
 [0. 0. 0. 0. 0.]
 [0. 3. 2. 0. 0.]
 [0. 1. 4. 3. 0.]
 [0. 1. 0. 3. 0.]]
[[0.  0.  0.  0.  0. ]
 [0.  0.  0.  0.  0. ]
 [0.  0.  1.9 0.  0. ]
 [0.  1.9 1.9 1.9 0. ]
 [0.  0.9 1.9 0.9 0. ]]
2
[[1. 1. 1. 1. 2.]
 [0. 0. 0. 0. 0.]
 [0. 3. 2. 0. 0.]
 [0. 1. 4. 3. 0.]
 [0. 1. 0. 3. 3.]]
[[0.   0.   0.   0.   0.  ]
 [0.   0.   0.   0.   0.  ]
 [0.   0.   2.71 0.   0.  ]
 [0.   2.71 2.71 2.71 0.  ]
 [0.   1.71 2.71 1.71 0.81]]
3
[[1. 1. 1. 1. 2.]
 [0. 0. 0. 0. 0.]
 [0. 3. 2. 0. 0.]
 [0. 1. 4. 3. 2.]
 [0. 1. 0. 3. 3.]]
[[0.    0.    0.    0.    0.   ]
 [0.    0.    0.    0.    0.   ]
 [0.    0.    3.439 0.    0.   ]
 [0.    3.439 3.439 3.439 0.729]
 [0.    2.439 3.439 2.439 1.539]]
4
[[1. 1. 1. 1. 2.]
 [0. 0. 0. 0. 0.]
 [0. 3. 2. 0. 2.]
 [0. 1. 4. 3. 2.]
 [0. 1. 0. 3. 3.]]
[[0.     0.     0.     0.     0.    ]
 [0.     0.     0.     0.     0.    ]
 [0.     0.     4.0951 0.     0.6561]
 [0.     4.0951 4.0951 4.0951 1.3851]
 [0.     3.0951 4.0951 3.0951 2.1951]]
5
[[1. 1. 1. 1. 2.]
 [0. 0. 0. 0. 2.]
 [0. 3. 2. 1. 2.]
 [0. 1. 4. 3. 2.]
 [0. 1. 0. 3. 3.]]
[[0.      0.      0.      0.      0.     ]
 [0.      0.      0.      0.      0.59049]
 [0.      0.      4.68559 0.59049 1.24659]
 [0.      4.68559 4.68559 4.68559 1.97559]
 [0.      3.68559 4.68559 3.68559 2.78559]]
6
[[1. 1. 1. 1. 2.]
 [0. 0. 0. 1. 2.]
 [0. 3. 2. 1. 2.]
 [0. 1. 4. 3. 2.]
 [0. 1. 0. 3. 3.]]
[[0.       0.       0.       0.       0.531441]
 [0.       0.       0.       0.531441 1.121931]
 [0.       0.       5.217031 1.121931 1.778031]
 [0.       5.217031 5.217031 5.217031 2.507031]
 [0.       4.217031 5.217031 4.217031 3.317031]]
7
[[1. 1. 1. 1. 2.]
 [0. 0. 1. 1. 2.]
 [0. 3. 2. 1. 2.]
 [0. 1. 4. 3. 2.]
 [0. 1. 0. 3. 3.]]
[[0.        0.        0.        0.4782969 1.0097379]
 [0.        0.        0.4782969 1.0097379 1.6002279]
 [0.        0.        5.6953279 1.6002279 2.2563279]
 [0.        5.6953279 5.6953279 5.6953279 2.9853279]
 [0.        4.6953279 5.6953279 4.6953279 3.7953279]]
8
[[1. 1. 1. 1. 2.]
 [0. 0. 1. 1. 2.]
 [0. 3. 2. 1. 2.]
 [0. 1. 4. 3. 2.]
 [0. 1. 0. 3. 3.]]
[[0.         0.         0.43046721 0.90876411 1.44020511]
 [0.         0.         0.90876411 1.44020511 2.03069511]
 [0.         0.         6.12579511 2.03069511 2.68679511]
 [0.         6.12579511 6.12579511 6.12579511 3.41579511]
 [0.         5.12579511 6.12579511 5.12579511 4.22579511]]
9
[[1. 1. 1. 1. 2.]
 [0. 0. 1. 1. 2.]
 [0. 3. 2. 1. 2.]
 [0. 1. 4. 3. 2.]
 [0. 1. 0. 3. 3.]]
[[0.         0.38742049 0.8178877  1.2961846  1.8276256 ]
 [0.         0.         1.2961846  1.8276256  2.4181156 ]
 [0.         0.         6.5132156  2.4181156  3.0742156 ]
 [0.         6.5132156  6.5132156  6.5132156  3.8032156 ]
 [0.         5.5132156  6.5132156  5.5132156  4.6132156 ]]
10
[[1. 1. 1. 1. 2.]
 [0. 0. 1. 1. 2.]
 [0. 3. 2. 1. 2.]
 [0. 1. 4. 3. 2.]
 [0. 1. 0. 3. 3.]]
[[0.34867844 0.73609893 1.16656614 1.64486304 2.17630404]
 [0.         0.34867844 1.64486304 2.17630404 2.76679404]
 [0.         0.         6.86189404 2.76679404 3.42289404]
 [0.         6.86189404 6.86189404 6.86189404 4.15189404]
 [0.         5.86189404 6.86189404 5.86189404 4.96189404]]
11
[[1. 1. 1. 1. 2.]
 [0. 0. 1. 1. 2.]
 [0. 3. 2. 1. 2.]
 [0. 1. 4. 3. 2.]
 [0. 1. 0. 3. 3.]]
[[0.66248904 1.04990953 1.48037674 1.95867364 2.49011464]
 [0.3138106  0.66248904 1.95867364 2.49011464 3.08060464]
 [0.         0.         7.17570464 3.08060464 3.73670464]
 [0.         7.17570464 7.17570464 7.17570464 4.46570464]
 [0.         6.17570464 7.17570464 6.17570464 5.27570464]]
12
[[1. 1. 1. 1. 2.]
 [0. 0. 1. 1. 2.]
 [0. 3. 2. 1. 2.]
 [0. 1. 4. 3. 2.]
 [0. 1. 0. 3. 3.]]
[[0.94491857 1.33233906 1.76280627 2.24110317 2.77254417]
 [0.59624013 0.94491857 2.24110317 2.77254417 3.36303417]
 [0.28242954 0.         7.45813417 3.36303417 4.01913417]
 [0.         7.45813417 7.45813417 7.45813417 4.74813417]
 [0.         6.45813417 7.45813417 6.45813417 5.55813417]]
13
[[1. 1. 1. 1. 2.]
 [0. 0. 1. 1. 2.]
 [0. 3. 2. 1. 2.]
 [0. 1. 4. 3. 2.]
 [0. 1. 0. 3. 3.]]
[[1.19910516 1.58652564 2.01699285 2.49528975 3.02673075]
 [0.85042672 1.19910516 2.49528975 3.02673075 3.61722075]
 [0.53661612 0.25418658 7.71232075 3.61722075 4.27332075]
 [0.25418658 7.71232075 7.71232075 7.71232075 5.00232075]
 [0.         6.71232075 7.71232075 6.71232075 5.81232075]]
14
[[1. 1. 1. 1. 2.]
 [0. 0. 1. 1. 2.]
 [0. 3. 2. 1. 2.]
 [0. 1. 4. 3. 2.]
 [0. 1. 0. 3. 3.]]
[[1.42787308 1.81529357 2.24576078 2.72405768 3.25549868]
 [1.07919464 1.42787308 2.72405768 3.25549868 3.84598868]
 [0.76538404 0.48295451 7.94108868 3.84598868 4.50208868]
 [0.48295451 7.94108868 7.94108868 7.94108868 5.23108868]
 [0.22876792 6.94108868 7.94108868 6.94108868 6.04108868]]
15
[[1. 1. 1. 1. 2.]
 [0. 0. 1. 1. 2.]
 [0. 3. 2. 1. 2.]
 [0. 1. 4. 3. 2.]
 [0. 1. 0. 3. 3.]]
[[1.63376421 2.0211847  2.45165191 2.92994881 3.46138981]
 [1.28508577 1.63376421 2.92994881 3.46138981 4.05187981]
 [0.97127518 0.68884564 8.14697981 4.05187981 4.70797981]
 [0.68884564 8.14697981 8.14697981 8.14697981 5.43697981]
 [0.43465906 7.14697981 8.14697981 7.14697981 6.24697981]]
16
[[1. 1. 1. 1. 2.]
 [0. 0. 1. 1. 2.]
 [0. 3. 2. 1. 2.]
 [0. 1. 4. 3. 2.]
 [0. 1. 0. 3. 3.]]
[[1.81906623 2.20648672 2.63695393 3.11525083 3.64669183]
 [1.47038779 1.81906623 3.11525083 3.64669183 4.23718183]
 [1.15657719 0.87414766 8.33228183 4.23718183 4.89328183]
 [0.87414766 8.33228183 8.33228183 8.33228183 5.62228183]
 [0.61996108 7.33228183 8.33228183 7.33228183 6.43228183]]
17
[[1. 1. 1. 1. 2.]
 [0. 0. 1. 1. 2.]
 [0. 3. 2. 1. 2.]
 [0. 1. 4. 3. 2.]
 [0. 1. 0. 3. 3.]]
[[1.98583805 2.37325854 2.80372575 3.28202265 3.81346365]
 [1.63715961 1.98583805 3.28202265 3.81346365 4.40395365]
 [1.32334901 1.04091948 8.49905365 4.40395365 5.06005365]
 [1.04091948 8.49905365 8.49905365 8.49905365 5.78905365]
 [0.78673289 7.49905365 8.49905365 7.49905365 6.59905365]]
18
[[1. 1. 1. 1. 2.]
 [0. 0. 1. 1. 2.]
 [0. 3. 2. 1. 2.]
 [0. 1. 4. 3. 2.]
 [0. 1. 0. 3. 3.]]
[[2.13593268 2.52335317 2.95382038 3.43211728 3.96355828]
 [1.78725424 2.13593268 3.43211728 3.96355828 4.55404828]
 [1.47344365 1.19101411 8.64914828 4.55404828 5.21014828]
 [1.19101411 8.64914828 8.64914828 8.64914828 5.93914828]
 [0.93682753 7.64914828 8.64914828 7.64914828 6.74914828]]
19
[[1. 1. 1. 1. 2.]
 [0. 0. 1. 1. 2.]
 [0. 3. 2. 1. 2.]
 [0. 1. 4. 3. 2.]
 [0. 1. 0. 3. 3.]]
[[2.27101786 2.65843834 3.08890555 3.56720245 4.09864345]
 [1.92233941 2.27101786 3.56720245 4.09864345 4.68913345]
 [1.60852882 1.32609928 8.78423345 4.68913345 5.34523345]
 [1.32609928 8.78423345 8.78423345 8.78423345 6.07423345]
 [1.0719127  7.78423345 8.78423345 7.78423345 6.88423345]]
20
[[1. 1. 1. 1. 2.]
 [0. 0. 1. 1. 2.]
 [0. 3. 2. 1. 2.]
 [0. 1. 4. 3. 2.]
 [0. 1. 0. 3. 3.]]
[[2.39259451 2.780015   3.21048221 3.68877911 4.22022011]
 [2.04391607 2.39259451 3.68877911 4.22022011 4.81071011]
 [1.73010547 1.44767594 8.90581011 4.81071011 5.46681011]
 [1.44767594 8.90581011 8.90581011 8.90581011 6.19581011]
 [1.19348935 7.90581011 8.90581011 7.90581011 7.00581011]]
21
[[1. 1. 1. 1. 2.]
 [0. 0. 1. 1. 2.]
 [0. 3. 2. 1. 2.]
 [0. 1. 4. 3. 2.]
 [0. 1. 0. 3. 3.]]
[[2.5020135  2.88943399 3.3199012  3.7981981  4.3296391 ]
 [2.15333506 2.5020135  3.7981981  4.3296391  4.9201291 ]
 [1.83952446 1.55709493 9.0152291  4.9201291  5.5762291 ]
 [1.55709493 9.0152291  9.0152291  9.0152291  6.3052291 ]
 [1.30290834 8.0152291  9.0152291  8.0152291  7.1152291 ]]
22
[[1. 1. 1. 1. 2.]
 [0. 0. 1. 1. 2.]
 [0. 3. 2. 1. 2.]
 [0. 1. 4. 3. 2.]
 [0. 1. 0. 3. 3.]]
[[2.60049059 2.98791108 3.41837829 3.89667519 4.42811619]
 [2.25181215 2.60049059 3.89667519 4.42811619 5.01860619]
 [1.93800155 1.65557202 9.11370619 5.01860619 5.67470619]
 [1.65557202 9.11370619 9.11370619 9.11370619 6.40370619]
 [1.40138543 8.11370619 9.11370619 8.11370619 7.21370619]]
23
[[1. 1. 1. 1. 2.]
 [0. 0. 1. 1. 2.]
 [0. 3. 2. 1. 2.]
 [0. 1. 4. 3. 2.]
 [0. 1. 0. 3. 3.]]
[[2.68911997 3.07654046 3.50700767 3.98530457 4.51674557]
 [2.34044153 2.68911997 3.98530457 4.51674557 5.10723557]
 [2.02663093 1.7442014  9.20233557 5.10723557 5.76333557]
 [1.7442014  9.20233557 9.20233557 9.20233557 6.49233557]
 [1.49001481 8.20233557 9.20233557 8.20233557 7.30233557]]
24
[[1. 1. 1. 1. 2.]
 [0. 0. 1. 1. 2.]
 [0. 3. 2. 1. 2.]
 [0. 1. 4. 3. 2.]
 [0. 1. 0. 3. 3.]]
[[2.76888641 3.1563069  3.58677411 4.06507101 4.59651201]
 [2.42020797 2.76888641 4.06507101 4.59651201 5.18700201]
 [2.10639738 1.82396784 9.28210201 5.18700201 5.84310201]
 [1.82396784 9.28210201 9.28210201 9.28210201 6.57210201]
 [1.56978126 8.28210201 9.28210201 8.28210201 7.38210201]]
25
[[1. 1. 1. 1. 2.]
 [0. 0. 1. 1. 2.]
 [0. 3. 2. 1. 2.]
 [0. 1. 4. 3. 2.]
 [0. 1. 0. 3. 3.]]
[[2.84067621 3.2280967  3.65856391 4.13686081 4.66830181]
 [2.49199777 2.84067621 4.13686081 4.66830181 5.25879181]
 [2.17818718 1.89575764 9.35389181 5.25879181 5.91489181]
 [1.89575764 9.35389181 9.35389181 9.35389181 6.64389181]
 [1.64157106 8.35389181 9.35389181 8.35389181 7.45389181]]
26
[[1. 1. 1. 1. 2.]
 [0. 0. 1. 1. 2.]
 [0. 3. 2. 1. 2.]
 [0. 1. 4. 3. 2.]
 [0. 1. 0. 3. 3.]]
[[2.90528703 3.29270752 3.72317473 4.20147163 4.73291263]
 [2.55660859 2.90528703 4.20147163 4.73291263 5.32340263]
 [2.24279799 1.96036846 9.41850263 5.32340263 5.97950263]
 [1.96036846 9.41850263 9.41850263 9.41850263 6.70850263]
 [1.70618188 8.41850263 9.41850263 8.41850263 7.51850263]]
27
[[1. 1. 1. 1. 2.]
 [0. 0. 1. 1. 2.]
 [0. 3. 2. 1. 2.]
 [0. 1. 4. 3. 2.]
 [0. 1. 0. 3. 3.]]
[[2.96343677 3.35085726 3.78132447 4.25962137 4.79106237]
 [2.61475833 2.96343677 4.25962137 4.79106237 5.38155237]
 [2.30094773 2.0185182  9.47665237 5.38155237 6.03765237]
 [2.0185182  9.47665237 9.47665237 9.47665237 6.76665237]
 [1.76433161 8.47665237 9.47665237 8.47665237 7.57665237]]
28
[[1. 1. 1. 1. 2.]
 [0. 0. 1. 1. 2.]
 [0. 3. 2. 1. 2.]
 [0. 1. 4. 3. 2.]
 [0. 1. 0. 3. 3.]]
[[3.01577153 3.40319202 3.83365923 4.31195613 4.84339713]
 [2.66709309 3.01577153 4.31195613 4.84339713 5.43388713]
 [2.3532825  2.07085296 9.52898713 5.43388713 6.08998713]
 [2.07085296 9.52898713 9.52898713 9.52898713 6.81898713]
 [1.81666638 8.52898713 9.52898713 8.52898713 7.62898713]]
29
[[1. 1. 1. 1. 2.]
 [0. 0. 1. 1. 2.]
 [0. 3. 2. 1. 2.]
 [0. 1. 4. 3. 2.]
 [0. 1. 0. 3. 3.]]
[[3.06287282 3.45029331 3.88076052 4.35905742 4.89049842]
 [2.71419438 3.06287282 4.35905742 4.89049842 5.48098842]
 [2.40038378 2.11795425 9.57608842 5.48098842 6.13708842]
 [2.11795425 9.57608842 9.57608842 9.57608842 6.86608842]
 [1.86376766 8.57608842 9.57608842 8.57608842 7.67608842]]
30
[[1. 1. 1. 1. 2.]
 [0. 0. 1. 1. 2.]
 [0. 3. 2. 1. 2.]
 [0. 1. 4. 3. 2.]
 [0. 1. 0. 3. 3.]]
[[3.10526398 3.49268447 3.92315168 4.40144858 4.93288958]
 [2.75658554 3.10526398 4.40144858 4.93288958 5.52337958]
 [2.44277494 2.1603454  9.61847958 5.52337958 6.17947958]
 [2.1603454  9.61847958 9.61847958 9.61847958 6.90847958]
 [1.90615882 8.61847958 9.61847958 8.61847958 7.71847958]]
31
[[1. 1. 1. 1. 2.]
 [0. 0. 1. 1. 2.]
 [0. 3. 2. 1. 2.]
 [0. 1. 4. 3. 2.]
 [0. 1. 0. 3. 3.]]
[[3.14341602 3.53083651 3.96130372 4.43960062 4.97104162]
 [2.79473758 3.14341602 4.43960062 4.97104162 5.56153162]
 [2.48092698 2.19849745 9.65663162 5.56153162 6.21763162]
 [2.19849745 9.65663162 9.65663162 9.65663162 6.94663162]
 [1.94431086 8.65663162 9.65663162 8.65663162 7.75663162]]
32
[[1. 1. 1. 1. 2.]
 [0. 0. 1. 1. 2.]
 [0. 3. 2. 1. 2.]
 [0. 1. 4. 3. 2.]
 [0. 1. 0. 3. 3.]]
[[3.17775286 3.56517335 3.99564056 4.47393746 5.00537846]
 [2.82907442 3.17775286 4.47393746 5.00537846 5.59586846]
 [2.51526382 2.23283428 9.69096846 5.59586846 6.25196846]
 [2.23283428 9.69096846 9.69096846 9.69096846 6.98096846]
 [1.9786477  8.69096846 9.69096846 8.69096846 7.79096846]]
33
[[1. 1. 1. 1. 2.]
 [0. 0. 1. 1. 2.]
 [0. 3. 2. 1. 2.]
 [0. 1. 4. 3. 2.]
 [0. 1. 0. 3. 3.]]
[[3.20865601 3.5960765  4.02654371 4.50484061 5.03628161]
 [2.85997757 3.20865601 4.50484061 5.03628161 5.62677161]
 [2.54616698 2.26373744 9.72187161 5.62677161 6.28287161]
 [2.26373744 9.72187161 9.72187161 9.72187161 7.01187161]
 [2.00955086 8.72187161 9.72187161 8.72187161 7.82187161]]
34
[[1. 1. 1. 1. 2.]
 [0. 0. 1. 1. 2.]
 [0. 3. 2. 1. 2.]
 [0. 1. 4. 3. 2.]
 [0. 1. 0. 3. 3.]]
[[3.23646885 3.62388934 4.05435655 4.53265345 5.06409445]
 [2.88779041 3.23646885 4.53265345 5.06409445 5.65458445]
 [2.57397981 2.29155028 9.74968445 5.65458445 6.31068445]
 [2.29155028 9.74968445 9.74968445 9.74968445 7.03968445]
 [2.03736369 8.74968445 9.74968445 8.74968445 7.84968445]]
35
[[1. 1. 1. 1. 2.]
 [0. 0. 1. 1. 2.]
 [0. 3. 2. 1. 2.]
 [0. 1. 4. 3. 2.]
 [0. 1. 0. 3. 3.]]
[[3.26150041 3.64892089 4.0793881  4.557685   5.089126  ]
 [2.91282197 3.26150041 4.557685   5.089126   5.679616  ]
 [2.59901137 2.31658183 9.774716   5.679616   6.335716  ]
 [2.31658183 9.774716   9.774716   9.774716   7.064716  ]
 [2.06239525 8.774716   9.774716   8.774716   7.874716  ]]
36
[[1. 1. 1. 1. 2.]
 [0. 0. 1. 1. 2.]
 [0. 3. 2. 1. 2.]
 [0. 1. 4. 3. 2.]
 [0. 1. 0. 3. 3.]]
[[3.28402881 3.67144929 4.1019165  4.5802134  5.1116544 ]
 [2.93535036 3.28402881 4.5802134  5.1116544  5.7021444 ]
 [2.62153977 2.33911023 9.7972444  5.7021444  6.3582444 ]
 [2.33911023 9.7972444  9.7972444  9.7972444  7.0872444 ]
 [2.08492365 8.7972444  9.7972444  8.7972444  7.8972444 ]]
37
[[1. 1. 1. 1. 2.]
 [0. 0. 1. 1. 2.]
 [0. 3. 2. 1. 2.]
 [0. 1. 4. 3. 2.]
 [0. 1. 0. 3. 3.]]
[[3.30430436 3.69172485 4.12219206 4.60048896 5.13192996]
 [2.95562592 3.30430436 4.60048896 5.13192996 5.72241996]
 [2.64181533 2.35938579 9.81751996 5.72241996 6.37851996]
 [2.35938579 9.81751996 9.81751996 9.81751996 7.10751996]
 [2.10519921 8.81751996 9.81751996 8.81751996 7.91751996]]
38
[[1. 1. 1. 1. 2.]
 [0. 0. 1. 1. 2.]
 [0. 3. 2. 1. 2.]
 [0. 1. 4. 3. 2.]
 [0. 1. 0. 3. 3.]]
[[3.32255237 3.70997286 4.14044007 4.61873697 5.15017797]
 [2.97387393 3.32255237 4.61873697 5.15017797 5.74066797]
 [2.66006333 2.3776338  9.83576797 5.74066797 6.39676797]
 [2.3776338  9.83576797 9.83576797 9.83576797 7.12576797]
 [2.12344721 8.83576797 9.83576797 8.83576797 7.93576797]]
39
[[1. 1. 1. 1. 2.]
 [0. 0. 1. 1. 2.]
 [0. 3. 2. 1. 2.]
 [0. 1. 4. 3. 2.]
 [0. 1. 0. 3. 3.]]
[[3.33897557 3.72639606 4.15686327 4.63516017 5.16660117]
 [2.99029713 3.33897557 4.63516017 5.16660117 5.75709117]
 [2.67648654 2.394057   9.85219117 5.75709117 6.41319117]
 [2.394057   9.85219117 9.85219117 9.85219117 7.14219117]
 [2.13987042 8.85219117 9.85219117 8.85219117 7.95219117]]
40
[[1. 1. 1. 1. 2.]
 [0. 0. 1. 1. 2.]
 [0. 3. 2. 1. 2.]
 [0. 1. 4. 3. 2.]
 [0. 1. 0. 3. 3.]]
[[3.35375645 3.74117694 4.17164415 4.64994105 5.18138205]
 [3.00507801 3.35375645 4.64994105 5.18138205 5.77187205]
 [2.69126742 2.40883788 9.86697205 5.77187205 6.42797205]
 [2.40883788 9.86697205 9.86697205 9.86697205 7.15697205]
 [2.1546513  8.86697205 9.86697205 8.86697205 7.96697205]]
41
[[1. 1. 1. 1. 2.]
 [0. 0. 1. 1. 2.]
 [0. 3. 2. 1. 2.]
 [0. 1. 4. 3. 2.]
 [0. 1. 0. 3. 3.]]
[[3.36705925 3.75447974 4.18494695 4.66324385 5.19468485]
 [3.01838081 3.36705925 4.66324385 5.19468485 5.78517485]
 [2.70457021 2.42214068 9.88027485 5.78517485 6.44127485]
 [2.42214068 9.88027485 9.88027485 9.88027485 7.17027485]
 [2.16795409 8.88027485 9.88027485 8.88027485 7.98027485]]
42
[[1. 1. 1. 1. 2.]
 [0. 0. 1. 1. 2.]
 [0. 3. 2. 1. 2.]
 [0. 1. 4. 3. 2.]
 [0. 1. 0. 3. 3.]]
[[3.37903176 3.76645225 4.19691946 4.67521636 5.20665736]
 [3.03035332 3.37903176 4.67521636 5.20665736 5.79714736]
 [2.71654273 2.43411319 9.89224736 5.79714736 6.45324736]
 [2.43411319 9.89224736 9.89224736 9.89224736 7.18224736]
 [2.17992661 8.89224736 9.89224736 8.89224736 7.99224736]]
43
[[1. 1. 1. 1. 2.]
 [0. 0. 1. 1. 2.]
 [0. 3. 2. 1. 2.]
 [0. 1. 4. 3. 2.]
 [0. 1. 0. 3. 3.]]
[[3.38980703 3.77722752 4.20769473 4.68599163 5.21743263]
 [3.04112859 3.38980703 4.68599163 5.21743263 5.80792263]
 [2.72731799 2.44488846 9.90302263 5.80792263 6.46402263]
 [2.44488846 9.90302263 9.90302263 9.90302263 7.19302263]
 [2.19070187 8.90302263 9.90302263 8.90302263 8.00302263]]
44
[[1. 1. 1. 1. 2.]
 [0. 0. 1. 1. 2.]
 [0. 3. 2. 1. 2.]
 [0. 1. 4. 3. 2.]
 [0. 1. 0. 3. 3.]]
[[3.39950477 3.78692525 4.21739246 4.69568936 5.22713036]
 [3.05082633 3.39950477 4.69568936 5.22713036 5.81762036]
 [2.73701573 2.45458619 9.91272036 5.81762036 6.47372036]
 [2.45458619 9.91272036 9.91272036 9.91272036 7.20272036]
 [2.20039961 8.91272036 9.91272036 8.91272036 8.01272036]]
45
[[1. 1. 1. 1. 2.]
 [0. 0. 1. 1. 2.]
 [0. 3. 2. 1. 2.]
 [0. 1. 4. 3. 2.]
 [0. 1. 0. 3. 3.]]
[[3.40823273 3.79565322 4.22612043 4.70441733 5.23585833]
 [3.05955429 3.40823273 4.70441733 5.23585833 5.82634833]
 [2.74574369 2.46331416 9.92144833 5.82634833 6.48244833]
 [2.46331416 9.92144833 9.92144833 9.92144833 7.21144833]
 [2.20912757 8.92144833 9.92144833 8.92144833 8.02144833]]
46
[[1. 1. 1. 1. 2.]
 [0. 0. 1. 1. 2.]
 [0. 3. 2. 1. 2.]
 [0. 1. 4. 3. 2.]
 [0. 1. 0. 3. 3.]]
[[3.4160879  3.80350839 4.2339756  4.7122725  5.2437135 ]
 [3.06740946 3.4160879  4.7122725  5.2437135  5.8342035 ]
 [2.75359886 2.47116932 9.9293035  5.8342035  6.4903035 ]
 [2.47116932 9.9293035  9.9293035  9.9293035  7.2193035 ]
 [2.21698274 8.9293035  9.9293035  8.9293035  8.0293035 ]]
47
[[1. 1. 1. 1. 2.]
 [0. 0. 1. 1. 2.]
 [0. 3. 2. 1. 2.]
 [0. 1. 4. 3. 2.]
 [0. 1. 0. 3. 3.]]
[[3.42315755 3.81057804 4.24104525 4.71934215 5.25078315]
 [3.07447911 3.42315755 4.71934215 5.25078315 5.84127315]
 [2.76066851 2.47823897 9.93637315 5.84127315 6.49737315]
 [2.47823897 9.93637315 9.93637315 9.93637315 7.22637315]
 [2.22405239 8.93637315 9.93637315 8.93637315 8.03637315]]
48
[[1. 1. 1. 1. 2.]
 [0. 0. 1. 1. 2.]
 [0. 3. 2. 1. 2.]
 [0. 1. 4. 3. 2.]
 [0. 1. 0. 3. 3.]]
[[3.42952023 3.81694072 4.24740793 4.72570483 5.25714583]
 [3.08084179 3.42952023 4.72570483 5.25714583 5.84763583]
 [2.7670312  2.48460166 9.94273583 5.84763583 6.50373583]
 [2.48460166 9.94273583 9.94273583 9.94273583 7.23273583]
 [2.23041508 8.94273583 9.94273583 8.94273583 8.04273583]]
49
[[1. 1. 1. 1. 2.]
 [0. 0. 1. 1. 2.]
 [0. 3. 2. 1. 2.]
 [0. 1. 4. 3. 2.]
 [0. 1. 0. 3. 3.]]
[[3.43524665 3.82266714 4.25313435 4.73143125 5.26287225]
 [3.08656821 3.43524665 4.73143125 5.26287225 5.85336225]
 [2.77275761 2.49032808 9.94846225 5.85336225 6.50946225]
 [2.49032808 9.94846225 9.94846225 9.94846225 7.23846225]
 [2.23614149 8.94846225 9.94846225 8.94846225 8.04846225]]
50
[[1. 1. 1. 1. 2.]
 [0. 0. 1. 1. 2.]
 [0. 3. 2. 1. 2.]
 [0. 1. 4. 3. 2.]
 [0. 1. 0. 3. 3.]]
[[3.44040042 3.82782091 4.25828812 4.73658502 5.26802602]
 [3.09172198 3.44040042 4.73658502 5.26802602 5.85851602]
 [2.77791139 2.49548185 9.95361602 5.85851602 6.51461602]
 [2.49548185 9.95361602 9.95361602 9.95361602 7.24361602]
 [2.24129527 8.95361602 9.95361602 8.95361602 8.05361602]]
51
[[1. 1. 1. 1. 2.]
 [0. 0. 1. 1. 2.]
 [0. 3. 2. 1. 2.]
 [0. 1. 4. 3. 2.]
 [0. 1. 0. 3. 3.]]
[[3.44503882 3.83245931 4.26292652 4.74122342 5.27266442]
 [3.09636038 3.44503882 4.74122342 5.27266442 5.86315442]
 [2.78254979 2.50012025 9.95825442 5.86315442 6.51925442]
 [2.50012025 9.95825442 9.95825442 9.95825442 7.24825442]
 [2.24593367 8.95825442 9.95825442 8.95825442 8.05825442]]
52
[[1. 1. 1. 1. 2.]
 [0. 0. 1. 1. 2.]
 [0. 3. 2. 1. 2.]
 [0. 1. 4. 3. 2.]
 [0. 1. 0. 3. 3.]]
[[3.44921338 3.83663387 4.26710108 4.74539798 5.27683898]
 [3.10053494 3.44921338 4.74539798 5.27683898 5.86732898]
 [2.78672434 2.50429481 9.96242898 5.86732898 6.52342898]
 [2.50429481 9.96242898 9.96242898 9.96242898 7.25242898]
 [2.25010822 8.96242898 9.96242898 8.96242898 8.06242898]]
53
[[1. 1. 1. 1. 2.]
 [0. 0. 1. 1. 2.]
 [0. 3. 2. 1. 2.]
 [0. 1. 4. 3. 2.]
 [0. 1. 0. 3. 3.]]
[[3.45297048 3.84039097 4.27085818 4.74915508 5.28059608]
 [3.10429204 3.45297048 4.74915508 5.28059608 5.87108608]
 [2.79048145 2.50805191 9.96618608 5.87108608 6.52718608]
 [2.50805191 9.96618608 9.96618608 9.96618608 7.25618608]
 [2.25386533 8.96618608 9.96618608 8.96618608 8.06618608]]
54
[[1. 1. 1. 1. 2.]
 [0. 0. 1. 1. 2.]
 [0. 3. 2. 1. 2.]
 [0. 1. 4. 3. 2.]
 [0. 1. 0. 3. 3.]]
[[3.45635187 3.84377236 4.27423957 4.75253647 5.28397747]
 [3.10767343 3.45635187 4.75253647 5.28397747 5.87446747]
 [2.79386284 2.5114333  9.96956747 5.87446747 6.53056747]
 [2.5114333  9.96956747 9.96956747 9.96956747 7.25956747]
 [2.25724672 8.96956747 9.96956747 8.96956747 8.06956747]]
55
[[1. 1. 1. 1. 2.]
 [0. 0. 1. 1. 2.]
 [0. 3. 2. 1. 2.]
 [0. 1. 4. 3. 2.]
 [0. 1. 0. 3. 3.]]
[[3.45939513 3.84681562 4.27728283 4.75557973 5.28702073]
 [3.11071669 3.45939513 4.75557973 5.28702073 5.87751073]
 [2.79690609 2.51447655 9.97261073 5.87751073 6.53361073]
 [2.51447655 9.97261073 9.97261073 9.97261073 7.26261073]
 [2.26028997 8.97261073 9.97261073 8.97261073 8.07261073]]
56
[[1. 1. 1. 1. 2.]
 [0. 0. 1. 1. 2.]
 [0. 3. 2. 1. 2.]
 [0. 1. 4. 3. 2.]
 [0. 1. 0. 3. 3.]]
[[3.46213405 3.84955454 4.28002175 4.75831865 5.28975965]
 [3.11345561 3.46213405 4.75831865 5.28975965 5.88024965]
 [2.79964502 2.51721548 9.97534965 5.88024965 6.53634965]
 [2.51721548 9.97534965 9.97534965 9.97534965 7.26534965]
 [2.2630289  8.97534965 9.97534965 8.97534965 8.07534965]]
57
[[1. 1. 1. 1. 2.]
 [0. 0. 1. 1. 2.]
 [0. 3. 2. 1. 2.]
 [0. 1. 4. 3. 2.]
 [0. 1. 0. 3. 3.]]
[[3.46459909 3.85201958 4.28248679 4.76078369 5.29222469]
 [3.11592065 3.46459909 4.76078369 5.29222469 5.88271469]
 [2.80211005 2.51968052 9.97781469 5.88271469 6.53881469]
 [2.51968052 9.97781469 9.97781469 9.97781469 7.26781469]
 [2.26549393 8.97781469 9.97781469 8.97781469 8.07781469]]
58
[[1. 1. 1. 1. 2.]
 [0. 0. 1. 1. 2.]
 [0. 3. 2. 1. 2.]
 [0. 1. 4. 3. 2.]
 [0. 1. 0. 3. 3.]]
[[3.46681762 3.85423811 4.28470532 4.76300222 5.29444322]
 [3.11813918 3.46681762 4.76300222 5.29444322 5.88493322]
 [2.80432858 2.52189905 9.98003322 5.88493322 6.54103322]
 [2.52189905 9.98003322 9.98003322 9.98003322 7.27003322]
 [2.26771246 8.98003322 9.98003322 8.98003322 8.08003322]]
59
[[1. 1. 1. 1. 2.]
 [0. 0. 1. 1. 2.]
 [0. 3. 2. 1. 2.]
 [0. 1. 4. 3. 2.]
 [0. 1. 0. 3. 3.]]
[[3.4688143  3.85623479 4.286702   4.7649989  5.2964399 ]
 [3.12013586 3.4688143  4.7649989  5.2964399  5.8869299 ]
 [2.80632526 2.52389573 9.9820299  5.8869299  6.5430299 ]
 [2.52389573 9.9820299  9.9820299  9.9820299  7.2720299 ]
 [2.26970914 8.9820299  9.9820299  8.9820299  8.0820299 ]]
60
[[1. 1. 1. 1. 2.]
 [0. 0. 1. 1. 2.]
 [0. 3. 2. 1. 2.]
 [0. 1. 4. 3. 2.]
 [0. 1. 0. 3. 3.]]
[[3.47061131 3.8580318  4.28849901 4.76679591 5.29823691]
 [3.12193287 3.47061131 4.76679591 5.29823691 5.88872691]
 [2.80812227 2.52569274 9.98382691 5.88872691 6.54482691]
 [2.52569274 9.98382691 9.98382691 9.98382691 7.27382691]
 [2.27150615 8.98382691 9.98382691 8.98382691 8.08382691]]
61
[[1. 1. 1. 1. 2.]
 [0. 0. 1. 1. 2.]
 [0. 3. 2. 1. 2.]
 [0. 1. 4. 3. 2.]
 [0. 1. 0. 3. 3.]]
[[3.47222862 3.85964911 4.29011632 4.76841322 5.29985422]
 [3.12355018 3.47222862 4.76841322 5.29985422 5.89034422]
 [2.80973958 2.52731004 9.98544422 5.89034422 6.54644422]
 [2.52731004 9.98544422 9.98544422 9.98544422 7.27544422]
 [2.27312346 8.98544422 9.98544422 8.98544422 8.08544422]]
62
[[1. 1. 1. 1. 2.]
 [0. 0. 1. 1. 2.]
 [0. 3. 2. 1. 2.]
 [0. 1. 4. 3. 2.]
 [0. 1. 0. 3. 3.]]
[[3.4736842  3.86110468 4.29157189 4.76986879 5.30130979]
 [3.12500576 3.4736842  4.76986879 5.30130979 5.89179979]
 [2.81119516 2.52876562 9.98689979 5.89179979 6.54789979]
 [2.52876562 9.98689979 9.98689979 9.98689979 7.27689979]
 [2.27457904 8.98689979 9.98689979 8.98689979 8.08689979]]
63
[[1. 1. 1. 1. 2.]
 [0. 0. 1. 1. 2.]
 [0. 3. 2. 1. 2.]
 [0. 1. 4. 3. 2.]
 [0. 1. 0. 3. 3.]]
[[3.47499422 3.86241471 4.29288192 4.77117882 5.30261982]
 [3.12631578 3.47499422 4.77117882 5.30261982 5.89310982]
 [2.81250518 2.53007564 9.98820982 5.89310982 6.54920982]
 [2.53007564 9.98820982 9.98820982 9.98820982 7.27820982]
 [2.27588906 8.98820982 9.98820982 8.98820982 8.08820982]]
64
[[1. 1. 1. 1. 2.]
 [0. 0. 1. 1. 2.]
 [0. 3. 2. 1. 2.]
 [0. 1. 4. 3. 2.]
 [0. 1. 0. 3. 3.]]
[[3.47617323 3.86359372 4.29406093 4.77235783 5.30379883]
 [3.12749479 3.47617323 4.77235783 5.30379883 5.89428883]
 [2.8136842  2.53125466 9.98938883 5.89428883 6.55038883]
 [2.53125466 9.98938883 9.98938883 9.98938883 7.27938883]
 [2.27706808 8.98938883 9.98938883 8.98938883 8.08938883]]
65
[[1. 1. 1. 1. 2.]
 [0. 0. 1. 1. 2.]
 [0. 3. 2. 1. 2.]
 [0. 1. 4. 3. 2.]
 [0. 1. 0. 3. 3.]]
[[3.47723435 3.86465484 4.29512205 4.77341895 5.30485995]
 [3.12855591 3.47723435 4.77341895 5.30485995 5.89534995]
 [2.81474532 2.53231578 9.99044995 5.89534995 6.55144995]
 [2.53231578 9.99044995 9.99044995 9.99044995 7.28044995]
 [2.2781292  8.99044995 9.99044995 8.99044995 8.09044995]]
66
[[1. 1. 1. 1. 2.]
 [0. 0. 1. 1. 2.]
 [0. 3. 2. 1. 2.]
 [0. 1. 4. 3. 2.]
 [0. 1. 0. 3. 3.]]
[[3.47818936 3.86560985 4.29607706 4.77437396 5.30581496]
 [3.12951092 3.47818936 4.77437396 5.30581496 5.89630496]
 [2.81570032 2.53327078 9.99140496 5.89630496 6.55240496]
 [2.53327078 9.99140496 9.99140496 9.99140496 7.28140496]
 [2.2790842  8.99140496 9.99140496 8.99140496 8.09140496]]
67
[[1. 1. 1. 1. 2.]
 [0. 0. 1. 1. 2.]
 [0. 3. 2. 1. 2.]
 [0. 1. 4. 3. 2.]
 [0. 1. 0. 3. 3.]]
[[3.47904886 3.86646935 4.29693656 4.77523346 5.30667446]
 [3.13037042 3.47904886 4.77523346 5.30667446 5.89716446]
 [2.81655982 2.53413029 9.99226446 5.89716446 6.55326446]
 [2.53413029 9.99226446 9.99226446 9.99226446 7.28226446]
 [2.27994371 8.99226446 9.99226446 8.99226446 8.09226446]]
68
[[1. 1. 1. 1. 2.]
 [0. 0. 1. 1. 2.]
 [0. 3. 2. 1. 2.]
 [0. 1. 4. 3. 2.]
 [0. 1. 0. 3. 3.]]
[[3.47982241 3.8672429  4.29771011 4.77600701 5.30744801]
 [3.13114397 3.47982241 4.77600701 5.30744801 5.89793801]
 [2.81733338 2.53490384 9.99303801 5.89793801 6.55403801]
 [2.53490384 9.99303801 9.99303801 9.99303801 7.28303801]
 [2.28071726 8.99303801 9.99303801 8.99303801 8.09303801]]
69
[[1. 1. 1. 1. 2.]
 [0. 0. 1. 1. 2.]
 [0. 3. 2. 1. 2.]
 [0. 1. 4. 3. 2.]
 [0. 1. 0. 3. 3.]]
[[3.48051861 3.8679391  4.29840631 4.77670321 5.30814421]
 [3.13184017 3.48051861 4.77670321 5.30814421 5.89863421]
 [2.81802958 2.53560004 9.99373421 5.89863421 6.55473421]
 [2.53560004 9.99373421 9.99373421 9.99373421 7.28373421]
 [2.28141346 8.99373421 9.99373421 8.99373421 8.09373421]]
70
[[1. 1. 1. 1. 2.]
 [0. 0. 1. 1. 2.]
 [0. 3. 2. 1. 2.]
 [0. 1. 4. 3. 2.]
 [0. 1. 0. 3. 3.]]
[[3.48114519 3.86856568 4.29903289 4.77732979 5.30877079]
 [3.13246675 3.48114519 4.77732979 5.30877079 5.89926079]
 [2.81865616 2.53622662 9.99436079 5.89926079 6.55536079]
 [2.53622662 9.99436079 9.99436079 9.99436079 7.28436079]
 [2.28204004 8.99436079 9.99436079 8.99436079 8.09436079]]
71
[[1. 1. 1. 1. 2.]
 [0. 0. 1. 1. 2.]
 [0. 3. 2. 1. 2.]
 [0. 1. 4. 3. 2.]
 [0. 1. 0. 3. 3.]]
[[3.48170911 3.8691296  4.29959681 4.77789371 5.30933471]
 [3.13303067 3.48170911 4.77789371 5.30933471 5.89982471]
 [2.81922008 2.53679054 9.99492471 5.89982471 6.55592471]
 [2.53679054 9.99492471 9.99492471 9.99492471 7.28492471]
 [2.28260396 8.99492471 9.99492471 8.99492471 8.09492471]]
72
[[1. 1. 1. 1. 2.]
 [0. 0. 1. 1. 2.]
 [0. 3. 2. 1. 2.]
 [0. 1. 4. 3. 2.]
 [0. 1. 0. 3. 3.]]
[[3.48221664 3.86963713 4.30010434 4.77840124 5.30984224]
 [3.1335382  3.48221664 4.77840124 5.30984224 5.90033224]
 [2.81972761 2.53729807 9.99543224 5.90033224 6.55643224]
 [2.53729807 9.99543224 9.99543224 9.99543224 7.28543224]
 [2.28311149 8.99543224 9.99543224 8.99543224 8.09543224]]
73
[[1. 1. 1. 1. 2.]
 [0. 0. 1. 1. 2.]
 [0. 3. 2. 1. 2.]
 [0. 1. 4. 3. 2.]
 [0. 1. 0. 3. 3.]]
[[3.48267342 3.87009391 4.30056112 4.77885802 5.31029902]
 [3.13399498 3.48267342 4.77885802 5.31029902 5.90078902]
 [2.82018438 2.53775485 9.99588902 5.90078902 6.55688902]
 [2.53775485 9.99588902 9.99588902 9.99588902 7.28588902]
 [2.28356826 8.99588902 9.99588902 8.99588902 8.09588902]]
74
[[1. 1. 1. 1. 2.]
 [0. 0. 1. 1. 2.]
 [0. 3. 2. 1. 2.]
 [0. 1. 4. 3. 2.]
 [0. 1. 0. 3. 3.]]
[[3.48308452 3.87050501 4.30097222 4.77926912 5.31071012]
 [3.13440608 3.48308452 4.77926912 5.31071012 5.90120012]
 [2.82059548 2.53816594 9.99630012 5.90120012 6.55730012]
 [2.53816594 9.99630012 9.99630012 9.99630012 7.28630012]
 [2.28397936 8.99630012 9.99630012 8.99630012 8.09630012]]
75
[[1. 1. 1. 1. 2.]
 [0. 0. 1. 1. 2.]
 [0. 3. 2. 1. 2.]
 [0. 1. 4. 3. 2.]
 [0. 1. 0. 3. 3.]]
[[3.4834545  3.87087499 4.3013422  4.7796391  5.3110801 ]
 [3.13477606 3.4834545  4.7796391  5.3110801  5.9015701 ]
 [2.82096547 2.53853593 9.9966701  5.9015701  6.5576701 ]
 [2.53853593 9.9966701  9.9966701  9.9966701  7.2866701 ]
 [2.28434935 8.9966701  9.9966701  8.9966701  8.0966701 ]]
76
[[1. 1. 1. 1. 2.]
 [0. 0. 1. 1. 2.]
 [0. 3. 2. 1. 2.]
 [0. 1. 4. 3. 2.]
 [0. 1. 0. 3. 3.]]
[[3.48378749 3.87120798 4.30167519 4.77997209 5.31141309]
 [3.13510905 3.48378749 4.77997209 5.31141309 5.90190309]
 [2.82129846 2.53886892 9.99700309 5.90190309 6.55800309]
 [2.53886892 9.99700309 9.99700309 9.99700309 7.28700309]
 [2.28468234 8.99700309 9.99700309 8.99700309 8.09700309]]
77
[[1. 1. 1. 1. 2.]
 [0. 0. 1. 1. 2.]
 [0. 3. 2. 1. 2.]
 [0. 1. 4. 3. 2.]
 [0. 1. 0. 3. 3.]]
[[3.48408718 3.87150767 4.30197488 4.78027178 5.31171278]
 [3.13540874 3.48408718 4.78027178 5.31171278 5.90220278]
 [2.82159815 2.53916861 9.99730278 5.90220278 6.55830278]
 [2.53916861 9.99730278 9.99730278 9.99730278 7.28730278]
 [2.28498203 8.99730278 9.99730278 8.99730278 8.09730278]]
78
[[1. 1. 1. 1. 2.]
 [0. 0. 1. 1. 2.]
 [0. 3. 2. 1. 2.]
 [0. 1. 4. 3. 2.]
 [0. 1. 0. 3. 3.]]
[[3.48435691 3.8717774  4.30224461 4.78054151 5.31198251]
 [3.13567847 3.48435691 4.78054151 5.31198251 5.90247251]
 [2.82186787 2.53943833 9.99757251 5.90247251 6.55857251]
 [2.53943833 9.99757251 9.99757251 9.99757251 7.28757251]
 [2.28525175 8.99757251 9.99757251 8.99757251 8.09757251]]
79
[[1. 1. 1. 1. 2.]
 [0. 0. 1. 1. 2.]
 [0. 3. 2. 1. 2.]
 [0. 1. 4. 3. 2.]
 [0. 1. 0. 3. 3.]]
[[3.48459966 3.87202014 4.30248735 4.78078425 5.31222525]
 [3.13592122 3.48459966 4.78078425 5.31222525 5.90271525]
 [2.82211062 2.53968108 9.99781525 5.90271525 6.55881525]
 [2.53968108 9.99781525 9.99781525 9.99781525 7.28781525]
 [2.2854945  8.99781525 9.99781525 8.99781525 8.09781525]]
80
[[1. 1. 1. 1. 2.]
 [0. 0. 1. 1. 2.]
 [0. 3. 2. 1. 2.]
 [0. 1. 4. 3. 2.]
 [0. 1. 0. 3. 3.]]
[[3.48481813 3.87223862 4.30270583 4.78100273 5.31244373]
 [3.13613969 3.48481813 4.78100273 5.31244373 5.90293373]
 [2.82232909 2.53989956 9.99803373 5.90293373 6.55903373]
 [2.53989956 9.99803373 9.99803373 9.99803373 7.28803373]
 [2.28571297 8.99803373 9.99803373 8.99803373 8.09803373]]
81
[[1. 1. 1. 1. 2.]
 [0. 0. 1. 1. 2.]
 [0. 3. 2. 1. 2.]
 [0. 1. 4. 3. 2.]
 [0. 1. 0. 3. 3.]]
[[3.48501476 3.87243525 4.30290246 4.78119936 5.31264036]
 [3.13633632 3.48501476 4.78119936 5.31264036 5.90313036]
 [2.82252572 2.54009618 9.99823036 5.90313036 6.55923036]
 [2.54009618 9.99823036 9.99823036 9.99823036 7.28823036]
 [2.2859096  8.99823036 9.99823036 8.99823036 8.09823036]]
82
[[1. 1. 1. 1. 2.]
 [0. 0. 1. 1. 2.]
 [0. 3. 2. 1. 2.]
 [0. 1. 4. 3. 2.]
 [0. 1. 0. 3. 3.]]
[[3.48519172 3.87261221 4.30307942 4.78137632 5.31281732]
 [3.13651328 3.48519172 4.78137632 5.31281732 5.90330732]
 [2.82270269 2.54027315 9.99840732 5.90330732 6.55940732]
 [2.54027315 9.99840732 9.99840732 9.99840732 7.28840732]
 [2.28608657 8.99840732 9.99840732 8.99840732 8.09840732]]
83
[[1. 1. 1. 1. 2.]
 [0. 0. 1. 1. 2.]
 [0. 3. 2. 1. 2.]
 [0. 1. 4. 3. 2.]
 [0. 1. 0. 3. 3.]]
[[3.48535099 3.87277148 4.30323869 4.78153559 5.31297659]
 [3.13667255 3.48535099 4.78153559 5.31297659 5.90346659]
 [2.82286195 2.54043242 9.99856659 5.90346659 6.55956659]
 [2.54043242 9.99856659 9.99856659 9.99856659 7.28856659]
 [2.28624583 8.99856659 9.99856659 8.99856659 8.09856659]]
84
[[1. 1. 1. 1. 2.]
 [0. 0. 1. 1. 2.]
 [0. 3. 2. 1. 2.]
 [0. 1. 4. 3. 2.]
 [0. 1. 0. 3. 3.]]
[[3.48549433 3.87291482 4.30338203 4.78167893 5.31311993]
 [3.13681589 3.48549433 4.78167893 5.31311993 5.90360993]
 [2.82300529 2.54057576 9.99870993 5.90360993 6.55970993]
 [2.54057576 9.99870993 9.99870993 9.99870993 7.28870993]
 [2.28638918 8.99870993 9.99870993 8.99870993 8.09870993]]
85
[[1. 1. 1. 1. 2.]
 [0. 0. 1. 1. 2.]
 [0. 3. 2. 1. 2.]
 [0. 1. 4. 3. 2.]
 [0. 1. 0. 3. 3.]]
[[3.48562334 3.87304383 4.30351104 4.78180794 5.31324894]
 [3.1369449  3.48562334 4.78180794 5.31324894 5.90373894]
 [2.8231343  2.54070477 9.99883894 5.90373894 6.55983894]
 [2.54070477 9.99883894 9.99883894 9.99883894 7.28883894]
 [2.28651818 8.99883894 9.99883894 8.99883894 8.09883894]]
86
[[1. 1. 1. 1. 2.]
 [0. 0. 1. 1. 2.]
 [0. 3. 2. 1. 2.]
 [0. 1. 4. 3. 2.]
 [0. 1. 0. 3. 3.]]
[[3.48573944 3.87315993 4.30362714 4.78192404 5.31336504]
 [3.137061   3.48573944 4.78192404 5.31336504 5.90385504]
 [2.82325041 2.54082087 9.99895504 5.90385504 6.55995504]
 [2.54082087 9.99895504 9.99895504 9.99895504 7.28895504]
 [2.28663429 8.99895504 9.99895504 8.99895504 8.09895504]]
87
[[1. 1. 1. 1. 2.]
 [0. 0. 1. 1. 2.]
 [0. 3. 2. 1. 2.]
 [0. 1. 4. 3. 2.]
 [0. 1. 0. 3. 3.]]
[[3.48584394 3.87326443 4.30373164 4.78202854 5.31346954]
 [3.1371655  3.48584394 4.78202854 5.31346954 5.90395954]
 [2.8233549  2.54092537 9.99905954 5.90395954 6.56005954]
 [2.54092537 9.99905954 9.99905954 9.99905954 7.28905954]
 [2.28673878 8.99905954 9.99905954 8.99905954 8.09905954]]
88
[[1. 1. 1. 1. 2.]
 [0. 0. 1. 1. 2.]
 [0. 3. 2. 1. 2.]
 [0. 1. 4. 3. 2.]
 [0. 1. 0. 3. 3.]]
[[3.48593799 3.87335848 4.30382569 4.78212259 5.31356359]
 [3.13725955 3.48593799 4.78212259 5.31356359 5.90405359]
 [2.82344895 2.54101941 9.99915359 5.90405359 6.56015359]
 [2.54101941 9.99915359 9.99915359 9.99915359 7.28915359]
 [2.28683283 8.99915359 9.99915359 8.99915359 8.09915359]]
89
[[1. 1. 1. 1. 2.]
 [0. 0. 1. 1. 2.]
 [0. 3. 2. 1. 2.]
 [0. 1. 4. 3. 2.]
 [0. 1. 0. 3. 3.]]
[[3.48602263 3.87344312 4.30391033 4.78220723 5.31364823]
 [3.13734419 3.48602263 4.78220723 5.31364823 5.90413823]
 [2.82353359 2.54110405 9.99923823 5.90413823 6.56023823]
 [2.54110405 9.99923823 9.99923823 9.99923823 7.28923823]
 [2.28691747 8.99923823 9.99923823 8.99923823 8.09923823]]
90
[[1. 1. 1. 1. 2.]
 [0. 0. 1. 1. 2.]
 [0. 3. 2. 1. 2.]
 [0. 1. 4. 3. 2.]
 [0. 1. 0. 3. 3.]]
[[3.4860988  3.87351929 4.3039865  4.7822834  5.3137244 ]
 [3.13742036 3.4860988  4.7822834  5.3137244  5.9042144 ]
 [2.82360977 2.54118023 9.9993144  5.9042144  6.5603144 ]
 [2.54118023 9.9993144  9.9993144  9.9993144  7.2893144 ]
 [2.28699365 8.9993144  9.9993144  8.9993144  8.0993144 ]]
91
[[1. 1. 1. 1. 2.]
 [0. 0. 1. 1. 2.]
 [0. 3. 2. 1. 2.]
 [0. 1. 4. 3. 2.]
 [0. 1. 0. 3. 3.]]
[[3.48616736 3.87358785 4.30405506 4.78235196 5.31379296]
 [3.13748892 3.48616736 4.78235196 5.31379296 5.90428296]
 [2.82367833 2.54124879 9.99938296 5.90428296 6.56038296]
 [2.54124879 9.99938296 9.99938296 9.99938296 7.28938296]
 [2.28706221 8.99938296 9.99938296 8.99938296 8.09938296]]
92
[[1. 1. 1. 1. 2.]
 [0. 0. 1. 1. 2.]
 [0. 3. 2. 1. 2.]
 [0. 1. 4. 3. 2.]
 [0. 1. 0. 3. 3.]]
[[3.48622907 3.87364956 4.30411677 4.78241367 5.31385467]
 [3.13755063 3.48622907 4.78241367 5.31385467 5.90434467]
 [2.82374003 2.5413105  9.99944467 5.90434467 6.56044467]
 [2.5413105  9.99944467 9.99944467 9.99944467 7.28944467]
 [2.28712391 8.99944467 9.99944467 8.99944467 8.09944467]]
93
[[1. 1. 1. 1. 2.]
 [0. 0. 1. 1. 2.]
 [0. 3. 2. 1. 2.]
 [0. 1. 4. 3. 2.]
 [0. 1. 0. 3. 3.]]
[[3.4862846  3.87370509 4.3041723  4.7824692  5.3139102 ]
 [3.13760616 3.4862846  4.7824692  5.3139102  5.9044002 ]
 [2.82379557 2.54136603 9.9995002  5.9044002  6.5605002 ]
 [2.54136603 9.9995002  9.9995002  9.9995002  7.2895002 ]
 [2.28717945 8.9995002  9.9995002  8.9995002  8.0995002 ]]
94
[[1. 1. 1. 1. 2.]
 [0. 0. 1. 1. 2.]
 [0. 3. 2. 1. 2.]
 [0. 1. 4. 3. 2.]
 [0. 1. 0. 3. 3.]]
[[3.48633458 3.87375507 4.30422228 4.78251918 5.31396018]
 [3.13765614 3.48633458 4.78251918 5.31396018 5.90445018]
 [2.82384555 2.54141601 9.99955018 5.90445018 6.56055018]
 [2.54141601 9.99955018 9.99955018 9.99955018 7.28955018]
 [2.28722943 8.99955018 9.99955018 8.99955018 8.09955018]]
95
[[1. 1. 1. 1. 2.]
 [0. 0. 1. 1. 2.]
 [0. 3. 2. 1. 2.]
 [0. 1. 4. 3. 2.]
 [0. 1. 0. 3. 3.]]
[[3.48637956 3.87380005 4.30426726 4.78256416 5.31400516]
 [3.13770112 3.48637956 4.78256416 5.31400516 5.90449516]
 [2.82389053 2.54146099 9.99959516 5.90449516 6.56059516]
 [2.54146099 9.99959516 9.99959516 9.99959516 7.28959516]
 [2.28727441 8.99959516 9.99959516 8.99959516 8.09959516]]
96
[[1. 1. 1. 1. 2.]
 [0. 0. 1. 1. 2.]
 [0. 3. 2. 1. 2.]
 [0. 1. 4. 3. 2.]
 [0. 1. 0. 3. 3.]]
[[3.48642005 3.87384054 4.30430775 4.78260465 5.31404565]
 [3.13774161 3.48642005 4.78260465 5.31404565 5.90453565]
 [2.82393101 2.54150147 9.99963565 5.90453565 6.56063565]
 [2.54150147 9.99963565 9.99963565 9.99963565 7.28963565]
 [2.28731489 8.99963565 9.99963565 8.99963565 8.09963565]]
97
[[1. 1. 1. 1. 2.]
 [0. 0. 1. 1. 2.]
 [0. 3. 2. 1. 2.]
 [0. 1. 4. 3. 2.]
 [0. 1. 0. 3. 3.]]
[[3.48645648 3.87387697 4.30434418 4.78264108 5.31408208]
 [3.13777804 3.48645648 4.78264108 5.31408208 5.90457208]
 [2.82396745 2.54153791 9.99967208 5.90457208 6.56067208]
 [2.54153791 9.99967208 9.99967208 9.99967208 7.28967208]
 [2.28735133 8.99967208 9.99967208 8.99967208 8.09967208]]
98
[[1. 1. 1. 1. 2.]
 [0. 0. 1. 1. 2.]
 [0. 3. 2. 1. 2.]
 [0. 1. 4. 3. 2.]
 [0. 1. 0. 3. 3.]]
[[3.48648927 3.87390976 4.30437697 4.78267387 5.31411487]
 [3.13781083 3.48648927 4.78267387 5.31411487 5.90460487]
 [2.82400024 2.5415707  9.99970487 5.90460487 6.56070487]
 [2.5415707  9.99970487 9.99970487 9.99970487 7.28970487]
 [2.28738412 8.99970487 9.99970487 8.99970487 8.09970487]]
99
[[1. 1. 1. 1. 2.]
 [0. 0. 1. 1. 2.]
 [0. 3. 2. 1. 2.]
 [0. 1. 4. 3. 2.]
 [0. 1. 0. 3. 3.]]
[[3.48651879 3.87393928 4.30440649 4.78270339 5.31414439]
 [3.13784035 3.48651879 4.78270339 5.31414439 5.90463439]
 [2.82402975 2.54160021 9.99973439 5.90463439 6.56073439]
 [2.54160021 9.99973439 9.99973439 9.99973439 7.28973439]
 [2.28741363 8.99973439 9.99973439 8.99973439 8.09973439]]

进程已结束，退出代码为 0